No subjects; indoors
==========
431	64	58	61	62	59	56	57	58	64	60	60	60	56	61	63	60	60	64	58	59	61	59	61	59	60	56	59	57	57	57	58	58	63	62	59	57	59	58	59	59	63	58	60	56	62	60	61	59	67	62	58	63	64	58	63	61	65	63	64	64	63	61	63	60
431	62	62	60	61	59	62	60	61	61	61	57	60	58	61	58	60	60	59	57	57	54	63	61	63	61	58	60	57	59	58	59	58	60	63	61	57	59	59	64	59	64	63	58	60	61	64	63	61	61	62	60	63	59	60	58	59	62	62	60	58	63	60	63	56
431	58	55	59	60	54	53	54	56	61	58	51	57	56	60	55	55	53	59	52	58	54	58	53	56	60	58	58	51	55	56	56	55	58	61	57	55	57	58	57	56	60	61	58	55	56	59	56	55	57	57	55	60	59	57	56	60	58	60	55	62	62	61	60	58
431	62	57	63	59	54	60	59	55	62	58	57	59	55	58	54	55	57	59	55	59	52	56	55	56	58	58	57	55	57	55	57	58	61	55	58	57	58	55	60	56	57	54	55	55	55	58	57	55	60	56	57	56	60	56	55	54	58	55	60	57	60	56	57	54
431	64	58	62	59	59	60	56	60	68	58	60	61	54	63	59	55	58	60	60	57	57	62	57	58	62	60	61	58	63	57	59	56	64	61	63	58	60	56	59	58	61	60	61	60	59	61	60	61	61	58	64	60	59	56	56	52	62	62	63	61	64	64	61	54
431	63	62	64	60	58	60	56	58	67	50	62	55	57	57	56	52	60	63	58	58	53	60	59	59	58	59	52	59	56	56	56	53	60	59	55	57	56	58	58	59	56	59	56	55	59	57	54	55	58	58	53	58	55	55	54	52	59	55	56	62	58	57	60	56
431	68	58	62	59	59	57	58	56	63	59	58	59	57	58	57	52	60	59	54	55	53	53	53	53	61	56	53	57	54	54	52	53	60	58	53	56	53	54	54	53	53	54	56	54	54	54	52	52	60	54	56	55	52	54	52	49	58	59	51	58	54	57	52	56
430	59	55	55	55	54	56	50	50	60	55	50	48	50	52	52	49	56	54	50	50	47	53	48	49	60	52	51	51	50	49	50	50	58	52	49	48	50	48	48	50	53	51	51	47	49	50	50	51	55	52	51	52	48	49	48	51	59	54	52	53	53	50	53	50
430	58	58	59	60	55	57	57	57	61	55	58	54	57	59	54	47	59	55	56	54	55	56	56	57	59	55	54	57	54	59	55	55	61	55	57	55	55	54	56	54	60	58	56	56	54	54	54	56	56	56	56	59	55	56	53	58	60	60	61	59	56	58	62	52
429	62	54	56	58	54	57	59	53	61	57	53	56	56	60	55	53	62	59	56	54	55	54	58	54	59	56	52	53	55	54	57	56	57	59	57	56	53	58	55	53	62	56	57	54	57	57	58	57	55	55	56	56	57	56	52	57	55	53	59	56	56	55	57	54
430	66	60	65	62	63	59	60	57	70	63	60	56	58	60	60	53	61	57	59	57	55	55	57	57	63	54	57	51	55	56	55	51	59	59	56	54	55	56	57	55	61	57	57	57	57	56	56	59	58	53	54	55	56	56	54	54	54	56	60	60	59	53	55	56
429	64	56	59	59	58	55	57	53	63	58	55	53	55	61	57	56	58	57	57	53	54	52	57	54	55	56	53	52	54	53	58	54	59	58	56	52	56	51	55	50	54	55	53	56	55	58	55	56	54	55	55	54	57	56	55	57	54	54	58	57	54	58	55	54
429	65	58	66	59	59	63	62	60	66	59	62	62	60	63	61	60	60	60	58	60	56	63	59	60	62	63	60	61	58	60	59	62	64	62	62	61	60	59	62	59	64	57	61	58	61	61	60	59	58	60	61	63	61	60	60	59	53	64	59	61	63	64	61	58
430	66	64	67	63	63	62	63	62	65	63	62	64	61	64	61	58	64	66	62	65	58	63	63	59	64	60	62	60	63	60	64	59	65	67	62	63	62	62	68	60	65	64	62	60	63	63	64	62	66	64	59	67	60	62	60	59	61	62	58	64	62	64	63	62
430	71	71	70	64	60	66	62	61	64	63	63	61	60	65	62	57	65	62	62	62	60	63	64	61	64	60	61	59	60	58	62	59	65	59	65	63	60	59	65	60	65	63	60	63	63	68	62	64	62	63	61	63	62	65	59	59	61	61	66	67	65	63	57	62
430	63	61	64	64	62	62	59	63	63	59	59	58	58	63	62	59	63	60	57	58	57	60	61	61	61	58	59	59	61	58	58	57	65	65	60	61	60	59	60	61	63	60	59	61	58	61	61	61	64	57	60	61	60	59	59	57	58	61	63	63	62	60	59	59
429	66	63	63	63	60	64	70	71	66	59	62	63	59	62	73	81	61	60	59	60	59	63	61	65	66	58	59	55	58	61	60	61	62	59	60	56	59	60	59	56	63	57	62	59	59	58	58	57	58	57	56	59	62	59	56	58	58	59	57	64	57	60	59	55
430	68	66	63	65	60	66	62	64	65	62	63	64	62	63	63	62	64	63	64	64	60	60	59	63	60	58	63	59	62	59	61	59	66	62	60	60	63	62	60	59	62	61	59	62	58	62	60	60	61	62	60	66	61	62	58	60	59	58	62	62	61	63	62	55
430	69	62	70	65	65	70	66	64	72	63	66	66	66	68	66	64	70	71	66	67	68	66	70	66	68	66	67	69	66	67	66	64	68	71	68	65	64	65	65	68	68	66	65	63	62	64	63	61	67	65	66	67	67	65	61	61	64	66	62	64	68	61	67	61
430	70	66	67	66	65	66	65	69	66	66	70	68	65	68	66	66	65	68	67	66	65	68	69	71	65	66	66	66	65	69	67	69	67	67	70	67	68	66	67	67	64	65	64	64	65	64	67	65	68	66	67	66	66	69	65	68	61	64	64	63	61	64	66	63
430	70	69	70	67	67	67	68	69	70	65	69	68	68	70	73	64	66	68	65	68	66	68	69	65	68	67	67	68	68	68	66	67	71	69	71	69	69	67	67	64	69	66	66	66	69	67	67	65	65	64	66	65	67	66	62	65	66	65	67	68	69	69	66	60
431	65	67	67	68	71	70	69	76	67	63	67	68	71	73	70	68	70	71	70	69	70	71	72	71	72	69	67	68	72	69	68	69	73	71	71	68	72	73	70	67	69	70	70	72	69	72	72	71	70	69	71	70	68	70	70	69	73	69	72	73	72	66	69	64
431	67	64	68	67	69	70	65	65	72	65	69	69	67	68	63	67	73	70	69	67	67	66	70	69	70	70	71	69	67	71	67	70	72	69	69	69	72	72	69	67	70	67	69	68	66	69	67	67	69	71	69	71	70	63	69	68	69	70	69	70	71	71	68	64
434	72	68	73	69	72	73	73	73	72	67	72	71	71	70	73	71	68	75	72	75	70	74	74	70	72	69	74	71	73	69	73	62	72	71	76	71	72	73	72	70	68	70	72	73	75	72	72	65	71	74	74	77	73	76	70	69	66	68	71	74	72	73	73	74
434	68	69	71	74	70	74	74	75	73	73	72	76	72	74	71	71	71	73	75	74	75	73	77	73	69	71	72	71	75	71	70	64	68	73	73	76	73	73	72	68	72	74	74	72	73	76	72	70	72	71	75	77	75	72	75	67	63	69	68	71	70	72	69	68
435	71	67	72	71	73	72	72	72	73	68	72	71	72	74	73	66	71	75	73	73	71	73	70	71	68	70	72	73	75	74	70	64	71	77	73	71	74	72	71	68	71	68	73	73	72	72	72	69	71	66	72	71	75	72	74	65	64	69	69	75	73	73	73	76
436	71	67	76	74	73	72	72	74	73	70	72	69	71	73	70	69	67	72	73	72	71	70	73	70	68	67	73	72	72	72	73	67	71	72	73	72	74	75	74	69	68	72	72	72	69	75	67	66	68	66	73	73	73	71	73	68	63	71	66	70	73	72	70	70
437	70	70	71	73	70	77	72	74	71	70	70	70	70	76	70	66	68	73	72	73	70	75	71	67	69	73	74	72	75	75	73	67	70	72	71	75	74	76	74	67	70	76	76	72	73	75	73	68	70	71	71	75	77	73	70	72	63	66	68	72	72	73	71	70
437	72	70	75	68	72	69	71	70	72	70	73	69	71	74	71	71	72	74	72	73	68	73	73	71	72	72	73	72	73	71	71	69	68	75	73	71	75	70	72	70	67	73	73	71	70	73	73	69	69	70	69	71	71	70	70	72	67	65	70	68	71	70	70	70
437	68	66	71	68	72	72	70	70	71	70	72	75	69	69	68	70	70	73	73	74	71	72	72	71	66	68	72	71	72	68	69	64	70	74	73	72	75	73	76	65	73	69	74	72	74	72	74	70	66	71	71	73	73	72	70	69	64	69	71	72	73	66	69	67
438	71	69	72	72	71	74	73	72	71	70	72	71	70	74	71	70	73	70	74	73	72	74	74	69	67	72	73	72	73	74	74	70	69	73	75	72	75	76	75	70	72	69	75	71	77	75	73	69	65	69	73	73	76	76	69	66	61	70	70	73	73	70	71	68
438	69	65	71	72	72	76	70	74	74	70	66	71	72	72	72	71	67	72	71	76	69	74	70	68	67	70	69	72	70	72	70	65	66	70	68	74	72	72	69	69	72	70	70	72	73	73	72	67	67	69	68	72	70	72	68	67	59	66	70	69	68	71	68	70
439	68	68	74	73	72	76	72	76	73	72	73	75	71	72	72	72	68	74	74	72	72	71	72	68	69	72	73	75	74	73	70	66	70	74	73	74	75	72	73	68	73	73	74	75	71	73	75	67	65	69	69	71	73	71	68	65	59	70	69	71	71	66	71	67
439	72	69	76	69	73	74	75	75	70	72	73	75	71	74	73	71	70	70	75	75	76	74	73	70	71	69	75	71	72	73	72	64	69	72	71	73	73	74	75	68	71	70	73	71	73	74	73	66	70	69	73	73	73	68	69	66	63	69	67	74	69	70	70	70
440	69	71	72	72	72	74	73	77	73	71	74	73	73	76	72	70	70	71	73	72	73	71	72	69	68	71	74	74	76	74	74	65	70	73	75	76	74	76	76	70	69	72	74	74	73	77	71	69	65	69	70	77	70	72	69	69	64	69	66	72	73	71	72	72
442	70	67	72	73	69	74	69	74	69	73	72	75	70	73	70	71	71	71	73	74	71	71	73	67	71	71	73	74	75	77	74	68	66	72	73	75	72	71	71	70	72	72	73	72	72	73	76	69	67	71	71	74	73	71	68	64	65	67	69	71	67	70	69	72
442	70	66	74	73	73	73	75	75	72	66	75	71	73	74	73	67	66	75	70	73	69	76	70	69	70	72	75	72	74	75	71	68	69	73	72	74	73	77	73	69	67	70	71	72	71	73	73	66	65	69	69	75	70	68	69	70	61	68	67	68	74	67	67	68
443	70	66	74	70	72	78	74	76	75	68	70	71	73	74	72	67	71	76	72	72	72	77	74	73	70	70	73	74	73	74	73	67	68	75	76	71	77	72	76	68	71	75	71	75	72	73	71	69	69	70	72	74	76	72	69	65	66	66	71	72	69	75	72	68
443	67	70	73	74	72	76	74	74	76	73	74	76	72	79	73	73	70	74	74	74	73	75	73	72	67	73	75	73	75	74	73	67	72	74	76	74	79	76	74	69	78	70	72	74	73	73	75	69	71	70	74	78	73	73	72	70	66	70	72	76	74	72	71	73
444	74	69	74	71	78	71	76	75	73	73	70	76	73	75	71	71	76	75	71	72	72	74	74	71	69	68	73	73	76	72	76	68	72	70	74	75	73	75	74	68	74	69	74	73	74	75	72	73	68	70	75	76	77	72	68	68	61	68	72	70	74	70	73	71
444	66	68	69	72	69	68	71	71	74	70	72	73	72	75	72	73	69	72	70	73	71	72	71	69	69	69	71	72	76	74	73	66	72	74	75	72	73	73	73	68	74	71	73	72	74	73	73	67	70	71	74	75	72	70	69	67	66	69	69	69	69	71	74	76
444	68	71	69	68	68	70	71	77	72	71	69	72	70	74	69	69	72	72	70	72	69	74	71	69	69	70	72	73	74	72	73	67	77	75	73	73	76	70	73	65	76	66	75	71	74	73	73	65	71	69	67	74	72	65	67	66	64	67	69	72	72	71	72	71
445	68	70	70	71	69	74	74	72	71	69	69	72	73	70	71	69	68	72	72	71	72	73	70	68	67	71	75	73	73	71	72	67	68	74	73	72	73	70	73	70	67	71	71	72	73	77	70	65	65	69	67	73	70	75	70	70	66	70	70	76	72	69	67	70
445	70	69	73	75	70	71	71	77	72	67	72	71	69	76	70	72	74	73	76	73	73	71	73	68	66	67	72	72	74	70	71	67	69	73	75	70	75	75	71	67	65	67	73	71	73	74	72	71	69	66	72	74	75	70	70	68	68	67	68	72	72	70	72	69
446	66	71	72	73	72	76	73	77	73	69	76	74	72	74	71	74	72	73	75	76	72	72	74	71	68	69	71	71	75	73	72	69	68	73	73	75	74	76	74	70	72	72	72	73	71	74	76	69	71	69	72	76	75	72	72	67	64	71	69	73	72	69	71	71
446	71	70	74	74	73	77	75	78	74	72	73	74	72	76	73	69	71	74	75	74	72	73	72	69	68	73	76	75	74	76	72	69	69	76	74	74	77	75	75	68	70	73	75	76	75	78	75	69	70	74	72	79	73	77	71	72	66	71	70	73	72	73	77	76
446	68	66	73	72	71	75	71	77	75	70	73	75	72	77	74	69	69	73	71	74	73	75	72	69	69	72	73	71	74	78	75	64	70	74	71	78	74	73	74	70	70	71	73	73	77	74	78	69	70	73	76	79	76	73	72	72	70	69	73	74	75	72	76	76
446	70	70	71	73	72	74	76	76	74	70	71	73	74	76	71	72	69	73	72	73	69	73	73	72	68	72	71	73	75	75	72	68	68	73	73	72	73	76	74	69	71	67	71	76	75	75	75	68	68	71	68	73	74	71	67	68	60	69	68	75	70	71	69	73
447	69	69	75	72	72	71	75	73	74	68	71	71	69	72	69	68	65	73	72	69	71	70	70	68	67	70	72	71	73	74	71	65	69	73	76	73	75	73	76	65	67	70	74	71	72	77	74	71	70	68	71	75	71	72	70	72	66	70	70	71	73	70	70	72
447	67	67	69	71	68	71	69	77	74	70	71	70	70	69	69	69	71	69	70	71	67	71	73	68	66	70	73	70	73	70	73	64	66	70	70	73	75	71	74	66	67	68	71	73	72	72	70	70	68	68	71	77	71	74	69	69	62	65	72	68	73	65	71	74
448	70	64	72	69	72	75	73	72	71	69	68	74	71	72	68	69	67	71	72	71	71	70	73	67	70	70	69	70	73	72	69	64	65	72	76	72	73	72	71	67	69	69	73	71	76	72	71	65	67	68	70	73	71	70	69	69	60	69	64	70	67	70	70	68
448	69	67	71	71	68	71	72	74	69	72	71	75	69	74	69	70	67	69	70	70	70	73	71	67	69	69	71	74	74	74	74	68	69	72	74	74	73	74	70	68	71	70	73	72	73	74	73	63	70	69	70	73	75	75	69	66	62	66	67	71	71	66	75	72
