Single subject; outdoors; 1 ft
==========
452	4074	4084	35	37	4061	4063	4055	4064	4081	31	45	45	38	37	22	7	2	41	49	50	57	61	62	63	33	52	56	52	78	79	64	66	61	57	62	59	86	87	71	63	59	62	56	62	77	82	71	61	61	60	69	74	80	77	79	70	60	64	77	77	82	76	78	77
452	4061	4075	27	40	4060	4062	4060	4064	4076	10	46	44	35	33	23	11	4091	41	48	48	50	58	55	60	14	49	55	49	70	81	65	60	56	62	56	57	78	87	71	62	59	61	55	59	71	75	69	61	58	57	63	70	78	76	75	68	50	61	72	71	75	71	78	77
451	4058	4064	16	36	4051	4058	4052	4057	4068	5	43	40	21	20	3	4086	4091	38	47	41	51	55	57	53	17	48	50	47	67	76	62	60	54	57	53	52	77	84	70	59	60	59	56	56	73	77	70	62	57	56	63	67	75	72	76	65	54	61	73	79	73	74	73	78
451	4073	6	38	4073	4053	4054	4054	4056	4094	44	45	26	14	4	4083	4078	30	44	47	52	52	57	61	59	50	53	49	61	76	67	60	64	59	57	57	68	87	80	62	63	61	55	59	65	80	74	67	61	52	60	67	73	75	75	70	63	54	70	71	76	75	75	77	68
451	4070	4087	41	4094	4053	4055	4051	4060	4088	41	43	26	7	4092	4082	4074	18	43	46	47	52	55	59	58	47	56	54	55	75	67	64	64	58	58	54	63	85	79	66	61	62	58	56	66	81	79	67	63	58	59	64	68	75	73	68	60	57	68	74	76	81	78	78	68
452	4064	4073	18	36	4058	4058	4051	4060	4081	12	52	46	4	3	4087	4079	4092	46	52	52	54	60	63	63	21	53	55	56	74	76	66	66	56	60	59	62	86	88	71	64	65	63	61	65	86	86	75	69	59	63	64	73	79	77	76	66	59	60	75	78	80	79	82	72
452	4069	4077	36	43	4061	4062	4059	4059	4079	27	50	48	29	28	8	4095	0	43	55	51	56	57	61	61	26	48	55	52	77	78	64	62	59	64	59	62	87	92	73	68	61	61	56	62	81	78	73	64	56	61	64	72	76	78	76	69	59	63	73	79	78	77	78	79
452	4071	4094	45	43	4073	4074	4070	4072	4090	36	49	49	49	59	52	37	9	46	56	53	61	66	61	67	41	55	56	58	84	85	67	63	60	61	59	59	86	86	76	68	59	58	60	61	75	76	76	65	63	60	70	77	79	80	77	74	54	66	73	83	79	74	76	78
453	4069	2	49	41	4081	4081	4076	4077	4089	41	54	53	55	60	53	44	13	52	54	54	65	68	64	64	49	59	55	62	85	86	70	66	65	60	60	64	88	88	75	69	56	61	59	65	77	79	74	64	60	60	73	77	82	82	81	74	56	69	74	80	79	76	79	79
452	13	39	36	4063	4064	4059	4057	4084	45	49	47	49	43	33	3	4088	51	51	51	58	60	63	66	64	59	53	56	59	78	77	66	69	59	55	59	60	86	85	73	67	61	56	59	64	77	84	73	66	58	57	68	78	83	85	81	75	59	62	76	78	78	77	78	78
453	4081	8	51	40	4079	4079	4073	4075	0	39	51	50	51	59	48	37	15	50	53	52	59	71	62	63	47	54	53	53	76	84	74	62	64	60	60	57	80	88	83	68	60	61	56	61	72	77	74	65	62	53	69	76	79	75	74	74	55	64	70	80	76	74	74	78
452	4081	17	50	34	4095	4088	4081	4080	4093	44	49	50	52	61	56	57	31	53	55	53	65	77	65	63	55	58	55	60	80	88	77	64	66	62	58	61	79	86	80	66	59	65	58	66	72	79	71	68	58	61	72	78	80	78	78	77	57	67	75	77	76	73	74	75
453	3	46	49	3	4094	4084	4082	4075	34	48	44	52	52	61	52	39	51	55	52	60	68	72	67	68	59	59	53	63	85	84	69	65	61	56	59	63	81	84	73	66	61	60	59	64	70	75	71	63	63	59	74	76	79	77	77	77	56	71	76	80	76	77	75	77
453	44	34	4	4081	4070	4067	26	66	56	49	50	55	46	27	27	69	50	57	54	63	70	69	69	75	55	56	59	64	88	77	67	70	59	64	63	67	83	80	68	70	56	57	62	66	71	72	69	71	61	62	74	74	82	77	79	76	63	76	76	80	76	75	78	74
453	53	40	36	27	4076	4048	4034	4032	54	49	51	44	33	2	4054	4038	51	51	49	56	59	48	18	4063	66	60	60	59	82	72	49	4087	64	62	64	64	78	69	54	12	61	60	64	60	67	64	62	46	66	66	74	77	80	72	72	62	60	75	73	81	77	74	73	69
453	4083	4037	4029	4027	4021	4027	4021	4018	13	4042	4041	4042	4048	4054	4037	4037	30	4064	4057	4069	35	36	4062	4053	38	4072	4073	22	71	70	18	4064	29	9	7	44	73	70	44	4095	49	44	47	56	64	66	59	56	51	54	67	68	76	69	70	68	48	63	70	73	74	71	73	73
452	4033	4034	4025	4028	4025	4026	4024	4030	4053	4041	4038	4043	4058	4053	4042	4032	4064	4058	4056	4077	45	33	4062	4055	4083	4080	4080	44	75	70	8	4075	21	11	21	51	73	66	39	4	46	56	56	60	65	61	58	53	48	52	69	71	76	75	70	71	49	69	72	77	73	76	75	77
453	4039	4032	4032	4036	4031	4036	4030	4034	4051	4043	4045	4046	4056	4063	4050	4038	4069	4067	4065	4083	51	48	4075	4060	4093	4088	4088	38	80	77	26	4086	34	33	25	53	82	75	53	25	57	62	73	64	68	70	63	60	53	56	75	76	81	79	79	74	52	71	77	78	79	75	73	77
453	4050	4048	4046	4042	4043	4041	4036	4030	4065	4053	4053	4058	4066	4067	4056	4047	4074	4068	4070	4087	53	57	4083	4064	0	4092	4095	40	81	81	35	4088	45	35	27	56	83	79	58	25	52	56	62	68	73	74	68	61	54	58	72	77	83	75	76	77	54	71	79	82	82	77	77	75
453	4078	4047	4046	4043	4041	4042	4034	4038	10	4052	4052	4056	4059	4075	4052	4047	21	4072	4068	4088	56	65	4089	4059	27	4092	4085	35	80	77	39	4080	43	32	31	53	76	75	60	19	50	55	61	65	72	73	67	70	54	54	72	76	82	73	77	77	48	72	78	84	72	76	76	79
453	4054	4038	4040	4037	4033	4042	4029	4036	4067	4052	4046	4052	4049	4063	4052	4048	4074	4069	4063	4070	25	57	4095	4062	0	4087	4084	12	72	82	54	4092	40	40	32	36	75	78	70	27	53	51	57	63	68	71	66	69	49	51	67	78	77	75	78	78	50	60	75	78	78	74	76	77
452	4049	4044	4046	4040	4039	4039	4040	4040	4074	4058	4057	4059	4063	4079	4056	4050	4080	4072	4073	4079	47	68	19	4074	5	4093	4089	20	81	86	65	0	43	44	38	43	77	81	71	31	55	52	63	64	74	74	71	66	48	57	76	82	81	77	80	74	52	67	81	82	79	76	75	77
452	4046	4041	4042	4038	4036	4049	4035	4036	4061	4047	4054	4058	4068	4078	4056	4049	4078	4071	4071	4093	63	68	4085	4072	4093	4089	4091	41	81	81	40	4092	35	30	35	57	79	78	58	23	56	62	69	67	71	71	73	64	61	57	74	84	82	80	79	78	52	70	74	84	78	78	76	80
453	4045	4042	4048	4044	4049	4051	4048	4047	4062	4052	4053	4064	4074	4077	4056	4052	4072	4071	4074	4	68	67	4086	4069	4091	4085	4088	51	86	82	38	4089	29	30	33	60	80	80	59	30	57	67	69	72	75	77	72	65	60	61	80	84	84	80	81	78	55	72	82	82	81	78	78	81
453	9	4061	4046	4054	4051	4051	4040	4046	29	4073	4061	4067	4085	4088	4060	4046	48	7	4073	15	72	74	0	4074	58	11	0	54	88	85	46	4094	60	29	34	62	82	78	62	24	60	63	66	72	73	75	74	66	58	59	77	81	82	81	81	80	54	76	79	83	82	80	77	80
453	48	36	28	4077	4044	4041	4026	4032	59	55	47	37	4091	4065	4045	4038	51	53	52	57	57	47	4075	4055	65	57	47	58	78	74	25	4076	69	65	61	62	82	80	52	5	61	61	64	65	73	74	62	37	65	65	73	78	79	74	78	72	58	71	75	80	78	74	74	79
453	66	59	53	44	40	13	4067	4061	62	59	56	57	58	51	35	4083	65	64	53	56	76	77	55	47	72	67	66	65	85	84	62	58	68	68	69	68	80	80	65	66	63	67	69	71	79	76	72	73	69	69	78	82	83	80	79	84	62	76	80	85	81	76	72	82
452	74	64	60	51	43	31	4082	4077	66	62	63	64	58	57	41	7	64	65	59	55	68	78	62	49	71	69	65	66	87	89	68	62	74	66	70	67	83	87	70	61	65	67	70	71	76	78	72	71	69	70	77	82	86	76	79	79	60	74	79	84	83	79	77	82
453	60	54	44	27	4070	4061	4041	4055	61	54	55	47	35	4087	4056	4052	60	49	59	62	71	55	4091	4060	66	63	61	67	87	75	28	4083	67	68	64	70	83	76	47	11	67	67	70	71	78	70	63	54	68	70	79	80	81	77	76	68	63	76	80	82	78	76	77	76
452	4063	4042	4041	4035	4033	4039	4033	4035	1	4054	4047	4052	4067	4069	4048	4047	21	4064	4066	4095	64	58	4077	4065	32	4078	4082	49	83	76	23	4080	36	14	15	55	79	76	45	8	53	51	55	64	70	69	60	66	51	59	73	79	79	76	75	75	56	70	77	83	78	77	77	74
451	4048	4042	4039	4038	4040	4043	4038	4046	4054	4046	4047	4052	4074	4077	4055	4053	4065	4060	4064	1	62	67	4091	4069	4089	4084	4084	40	79	78	39	4089	35	20	25	54	79	72	56	20	56	60	61	63	72	68	66	57	50	55	70	79	79	75	76	72	50	67	72	79	76	69	69	76
451	4044	4047	4044	4043	4046	4047	4045	4071	4055	4047	4048	4060	4086	2	4066	4076	4067	4068	4068	7	67	73	8	4086	4091	4083	4088	44	77	81	47	22	35	24	23	47	79	73	61	53	59	61	61	63	68	71	72	62	52	60	71	74	77	78	75	78	51	68	73	76	76	70	73	75
451	4041	4031	4035	4035	4042	4046	4094	34	4054	4040	4044	4055	4092	4090	32	47	4060	4059	4059	14	66	73	47	47	4085	4070	4081	45	79	73	56	56	15	8	10	45	74	74	61	60	52	47	50	57	66	70	69	62	52	55	63	72	77	70	75	73	53	71	72	78	76	69	74	77
450	29	0	4093	71	68	63	58	59	60	59	58	73	72	64	57	52	60	64	65	67	78	75	63	65	65	62	65	68	89	81	63	64	61	62	65	65	78	75	67	61	61	61	67	67	69	69	70	63	63	63	74	74	79	78	72	77	62	70	75	75	76	72	72	69
450	71	67	68	60	60	62	54	59	71	63	65	65	62	65	65	62	74	64	66	66	77	72	67	62	71	62	63	68	89	82	61	62	68	64	64	68	87	82	67	64	66	63	61	64	73	73	60	53	61	60	74	74	79	73	72	66	61	68	80	79	82	74	77	69
450	69	77	78	71	66	62	60	60	68	70	72	71	68	74	67	63	68	72	75	70	74	77	67	64	66	70	66	67	88	89	66	63	60	61	63	70	89	84	69	67	60	62	62	66	76	77	66	61	59	59	70	74	77	74	73	67	57	61	76	82	81	75	75	72
450	69	61	76	76	71	66	55	54	66	68	74	73	68	67	67	66	68	67	73	72	77	77	68	65	64	65	69	68	88	87	69	65	61	67	65	68	89	86	70	67	60	59	62	67	74	75	65	69	62	67	71	76	79	75	77	77	59	73	75	81	78	78	78	77
449	63	65	69	67	77	77	69	64	67	63	68	73	75	78	72	70	65	66	65	69	78	84	71	68	65	62	60	69	89	94	74	70	62	60	65	67	86	88	73	68	61	62	66	69	76	74	72	68	57	62	76	76	84	78	79	74	57	66	75	82	78	78	78	78
450	61	56	61	57	79	79	71	65	66	64	69	75	80	78	71	65	64	69	68	72	80	83	72	72	69	63	69	70	91	94	76	69	65	67	66	72	91	89	72	71	63	63	62	71	77	73	74	72	63	66	79	82	85	81	82	79	62	73	75	85	82	77	79	82
450	79	72	64	59	58	61	57	57	77	72	68	56	52	61	52	59	76	75	66	67	77	72	71	67	72	68	67	71	87	88	67	70	78	74	71	72	91	87	71	71	73	69	69	71	76	77	70	67	73	73	80	80	84	79	80	78	67	76	80	83	80	79	77	80
450	66	58	58	47	39	4091	4066	4056	56	54	58	60	55	48	10	4071	67	64	59	55	66	69	51	4083	73	68	68	66	88	84	59	9	70	69	66	68	88	83	68	44	67	70	68	68	78	73	62	60	65	68	79	79	80	77	77	66	58	70	76	82	82	78	77	75
450	35	7	4057	4048	4045	4046	4042	4038	52	37	4083	4059	4063	4071	4058	4046	49	52	16	4086	47	57	4090	4072	61	54	33	34	81	77	36	0	64	66	48	54	79	79	55	39	69	62	62	61	71	71	65	64	61	54	73	75	80	73	74	69	56	66	80	79	80	73	74	72
450	12	4058	4044	4044	4042	4043	4039	4043	37	4087	4060	4061	4073	4074	4059	4056	44	5	4079	0	54	58	4092	4075	52	16	8	43	81	77	34	15	56	51	51	59	77	74	61	54	57	52	57	63	72	70	62	53	52	54	73	75	79	77	74	69	52	65	72	78	78	74	74	76
450	4046	4042	4042	4042	4036	4044	4035	4042	4056	4056	4050	4057	4058	4073	4052	4042	4076	4070	4073	4090	53	61	4086	4066	7	4093	4093	39	81	78	35	4094	48	49	34	51	75	76	57	39	51	51	59	64	68	68	65	60	50	55	68	78	80	75	75	72	49	68	72	79	76	73	74	77
450	4056	4044	4045	4045	4042	4045	4041	4044	4072	4059	4058	4062	4069	4080	4057	4050	4083	4078	4072	4090	55	61	4091	4073	7	0	0	40	79	79	38	0	41	53	45	61	78	78	58	48	51	54	58	66	69	73	68	67	56	56	73	78	82	76	77	71	50	67	74	77	77	79	79	77
450	47	32	2	4054	4045	4045	4041	4043	54	49	38	2	4068	4074	4058	4056	52	52	55	45	51	65	4095	4073	63	61	54	56	81	81	38	5	64	63	63	63	79	79	56	47	60	58	64	65	70	68	61	57	62	62	70	79	83	75	76	72	58	68	77	79	79	75	79	75
449	66	62	58	53	51	41	31	4	61	49	54	52	55	60	54	48	65	68	62	65	74	75	54	56	67	66	61	68	90	87	64	65	65	61	62	64	86	80	66	64	67	67	64	70	74	74	67	66	65	68	70	78	79	78	78	77	67	72	82	82	81	79	78	79
449	81	68	68	65	63	62	57	52	84	71	57	57	65	65	58	59	74	72	72	73	85	84	65	65	75	68	74	74	94	92	72	70	77	74	72	73	90	82	73	71	74	71	74	78	81	78	71	74	79	75	82	86	88	84	84	86	76	80	86	87	88	81	86	87
449	33	72	82	66	63	61	61	63	78	81	81	76	70	68	64	65	78	83	79	74	74	81	70	72	81	79	80	76	92	94	77	77	81	80	77	76	93	95	77	74	74	77	79	76	82	80	76	76	76	71	82	86	88	83	84	84	76	77	84	85	89	86	86	88
449	48	82	87	75	73	70	68	66	83	84	81	73	69	65	67	67	83	86	81	75	74	87	73	73	80	82	79	76	91	98	84	77	82	82	81	78	91	93	82	77	74	77	78	79	81	83	79	75	76	73	84	91	88	90	84	87	73	77	87	88	89	84	85	88
449	68	81	78	66	62	64	60	60	84	79	78	70	69	70	66	68	85	87	74	73	72	85	68	68	85	86	75	77	90	101	81	77	85	82	82	76	95	95	87	72	80	80	78	79	84	85	77	74	75	78	85	90	90	86	84	89	75	84	86	88	87	86	87	88
450	82	79	73	69	66	61	60	60	84	77	67	63	62	64	63	59	77	76	71	75	73	78	74	71	85	77	77	77	92	96	77	74	84	79	78	74	94	96	81	75	78	76	72	75	85	82	73	75	78	73	82	87	87	84	84	79	74	76	87	86	86	84	87	85
449	78	72	69	71	62	64	54	57	81	69	63	64	60	70	62	62	72	78	74	75	78	77	67	70	80	75	77	78	98	91	74	75	78	77	75	79	96	86	76	74	78	73	78	78	83	83	76	73	78	75	82	89	93	87	85	80	72	81	86	88	87	84	88	83
450	75	64	62	58	50	50	36	19	75	63	68	67	67	67	65	56	71	69	64	61	67	65	58	64	73	74	72	75	96	79	71	72	76	75	72	75	92	84	72	71	75	68	71	73	81	74	73	71	74	76	84	85	87	80	81	74	74	82	80	89	88	82	80	78
449	69	63	58	54	49	46	29	6	63	56	59	63	59	63	56	51	71	70	64	67	76	59	58	61	74	71	70	84	93	73	62	67	69	70	71	81	84	68	69	68	72	71	74	75	76	74	73	68	72	78	83	85	86	80	82	66	71	86	80	85	85	77	83	73
449	66	56	56	45	25	4077	4062	4053	53	54	56	61	52	41	4074	4067	63	65	56	66	78	62	30	4087	68	65	67	76	88	71	50	12	68	67	69	75	82	71	63	52	67	70	69	71	73	72	66	54	69	76	79	83	80	80	79	70	67	84	81	79	81	77	87	71
449	59	58	82	79	68	68	65	67	78	75	79	78	69	65	56	61	69	75	78	75	90	84	73	70	70	72	72	81	93	88	69	68	69	77	76	75	87	74	70	70	73	68	76	77	79	76	78	73	67	75	80	83	84	85	80	84	74	83	80	85	86	75	84	78
448	58	40	13	12	77	82	73	69	68	66	75	71	82	84	72	69	71	70	75	76	86	84	75	73	72	74	72	77	98	94	75	76	71	72	68	77	94	90	78	77	66	66	71	76	78	79	77	76	76	72	86	85	88	84	88	86	65	82	82	87	85	83	83	88
448	60	34	77	85	75	75	70	68	75	78	82	84	77	73	61	65	76	80	83	85	90	84	75	76	74	74	81	81	98	93	75	74	73	78	81	83	93	87	75	77	70	74	78	81	78	82	77	74	73	75	83	88	90	84	84	84	73	88	83	88	85	81	84	84
449	52	40	88	84	71	74	68	68	82	79	88	86	74	70	65	67	78	79	87	80	90	80	75	74	79	81	84	82	100	93	77	72	76	80	81	85	94	86	77	75	72	74	81	81	81	82	78	74	73	77	83	82	90	85	86	83	76	84	88	86	86	82	85	85
